d[0] = 156603 : 19.913101
d[1] = 259658 : 52.930323
d[2] = 156645 : 72.848765
d[3] = 80558 : 83.092244
d[4] = 43148 : 88.578796
d[5] = 25603 : 91.834386
d[6] = 17190 : 94.020208
d[7] = 12193 : 95.570628
d[8] = 9299 : 96.753057
d[9] = 7009 : 97.644297
d[10] = 5089 : 98.291397
d[11] = 3640 : 98.754247
d[12] = 2702 : 99.097824
d[13] = 2023 : 99.355062
d[14] = 1379 : 99.530411
d[15] = 1051 : 99.664052
d[16] = 695 : 99.752426
d[17] = 531 : 99.819946
d[18] = 419 : 99.873225
d[19] = 253 : 99.905396
d[20] = 198 : 99.930573
d[21] = 136 : 99.947866
d[22] = 85 : 99.958674
d[23] = 73 : 99.967957
d[24] = 54 : 99.974823
d[25] = 39 : 99.979782
d[26] = 38 : 99.984614
d[27] = 36 : 99.989192
d[28] = 21 : 99.991862
d[29] = 17 : 99.994024
d[30] = 8 : 99.995041
d[31] = 14 : 99.996821
d[32] = 4 : 99.997330
d[33] = 4 : 99.997838
d[34] = 2 : 99.998093
d[35] = 2 : 99.998347
d[36] = 1 : 99.998474
d[37] = 2 : 99.998728
d[38] = 3 : 99.999110
d[39] = 1 : 99.999237
d[40] = 2 : 99.999491
d[41] = 1 : 99.999619
d[48] = 1 : 99.999746
d[49] = 1 : 99.999873
d[53] = 1 : 100.000000
