d[0] = 11247 : 4.498800
d[1] = 22398 : 13.458000
d[2] = 22146 : 22.316400
d[3] = 21253 : 30.817600
d[4] = 20113 : 38.862800
d[5] = 18899 : 46.422400
d[6] = 17530 : 53.434400
d[7] = 16018 : 59.841600
d[8] = 14609 : 65.685200
d[9] = 12902 : 70.846000
d[10] = 11468 : 75.433200
d[11] = 10084 : 79.466800
d[12] = 8742 : 82.963600
d[13] = 7546 : 85.982000
d[14] = 6368 : 88.529200
d[15] = 5420 : 90.697200
d[16] = 4531 : 92.509600
d[17] = 3829 : 94.041200
d[18] = 3108 : 95.284400
d[19] = 2501 : 96.284800
d[20] = 2035 : 97.098800
d[21] = 1606 : 97.741200
d[22] = 1318 : 98.268400
d[23] = 964 : 98.654000
d[24] = 824 : 98.983600
d[25] = 626 : 99.234000
d[26] = 476 : 99.424400
d[27] = 368 : 99.571600
d[28] = 264 : 99.677200
d[29] = 198 : 99.756400
d[30] = 148 : 99.815600
d[31] = 130 : 99.867600
d[32] = 87 : 99.902400
d[33] = 62 : 99.927200
d[34] = 47 : 99.946000
d[35] = 41 : 99.962400
d[36] = 27 : 99.973200
d[37] = 17 : 99.980000
d[38] = 15 : 99.986000
d[39] = 8 : 99.989200
d[40] = 5 : 99.991200
d[41] = 5 : 99.993200
d[42] = 4 : 99.994800
d[43] = 5 : 99.996800
d[44] = 3 : 99.998000
d[45] = 1 : 99.998400
d[46] = 2 : 99.999200
d[47] = 1 : 99.999600
d[51] = 1 : 100.000000
